"X1986"	"X1987"	"X1988"	"X1989"	"X1990"	"X1991"	"X1992"	"X1993"	"X1994"	"X1995"	"X1996"	"X1997"	"X1998"	"X1999"	"X2000"	"X2001"	"X2002"	"X2003"	"X2004"	"X2005"	"X2006"	"X2007"
"1"	-29.3	-21	NA	NA	-24.6	-13.6	-32.46	-29.05	-20.96	NA	NA	-29.06	-24.06	-24.07	-14.69	-28.54	-21.28	-25.37	-27.91	-20.72	-30.46	-24.47
"2"	-29.6	-25.7	NA	NA	-20	-22.2	-33.76	-28.99	-27.26	NA	NA	-24.09	-26.68	-26.84	-15.33	-27.09	-26.67	-28.14	-27.65	-23.2	-28.04	-24.29
"3"	-29.5	-20.6	NA	NA	-18.8	-23.6	-35.44	-26.78	-29.24	NA	NA	-28.44	-25.85	-26.32	-20.82	-27.4	-26.12	-30.07	-28.55	-25.64	-31.48	-19.79
"4"	-32	-25.4	NA	NA	-18.2	-25.5	-35.74	-29.21	-26.79	NA	NA	-23.26	-25.38	-24.56	-27.36	-19.74	-32.49	-29.85	-28.8	-28.07	-26.18	-25.57
"5"	-29.4	-25.2	NA	NA	-19.3	-24.6	-30.21	-31.8	-29.54	NA	NA	-22.88	-26.2	-30.36	-30.79	-21.2	-32.48	-29.73	-30.27	-31.85	-25.04	-30.7
"6"	-26.3	-28	NA	NA	-19.7	-28.7	-31.62	-31.7	-27.56	NA	NA	-25.03	-26.39	-24.17	-32.1	-21.63	-30.78	-32.56	-29.35	-30.31	-27.78	-32.75
"7"	-25.2	-28.5	NA	NA	-19.7	-30.4	-32.15	-32.72	-23.56	NA	NA	-35.18	-21.96	-23.91	-31.28	-20.03	-31.77	-29.3	-28.45	-28.55	-29.21	-31.73
"8"	-30.7	-32	NA	NA	-18	-29.8	-33.15	-33.98	-16.18	NA	NA	-27.88	-21.5	-22.46	-31.38	-22.43	-30.74	-24.55	-29.48	-29.45	-26.41	-27.91
"9"	-34.3	-32.1	NA	NA	-25.8	-30.6	-35.1	-34.7	-20.18	NA	NA	-30.32	-23.13	-22.04	-29.23	-25.21	-26.49	-20.82	-30.73	-30.94	-24.87	-30.44
"10"	-34.7	-28.9	NA	NA	-28.2	-31	-34.79	-35.13	-26.08	NA	NA	-35.57	-22.17	-25.72	-29.5	-28.18	-26.9	-23.24	-26.73	-30.71	-26.73	-31.55
"11"	-32.9	-28.7	NA	NA	-29.2	-31.4	-36.38	-35.72	-28.1	NA	NA	-34.56	-23.53	-31.52	-28.44	-29.39	-24.21	-23.85	-21.55	-29.9	-30.84	-27.5
"12"	-29	-21.1	NA	NA	-31.2	-30.6	-34.61	-36.4	-23.29	NA	NA	-34.15	-25.71	-32.08	-28.78	-30.37	-23.65	-22.89	-24.4	-32.25	-28.74	-19.11
"13"	-30.3	-28.8	NA	NA	-32.2	-31.8	-31.73	-34.51	-23.02	NA	NA	-38.27	-25.22	-31.39	-25.44	-32.17	-27.11	-18.5	-26.32	-30.4	-28.61	-14.21
"14"	-32.2	-31.5	NA	NA	-30.7	-35.1	-34.66	-30.28	-26.31	NA	NA	-35.08	-26.51	-30.19	-32.34	-27.03	-30.56	-23.02	-20.5	-30.82	-32.12	-20.16
"15"	-31.8	-30.2	NA	NA	-29.8	-36.7	-37.07	-30.53	-25.98	NA	NA	-38.1	-28.47	-31.05	-35.52	-28.08	-34.42	-25.46	-18.4	-30.25	-33.28	-24.53
"16"	-30.7	-28.2	NA	NA	-32.4	-35.5	-37.73	-30.02	-23.61	NA	NA	-38.54	-32	-31.53	-34.59	-30.14	-33.46	-24.62	-23.19	-28.36	-29.94	-24.52
"17"	-33.6	-33.6	NA	NA	-32.7	-36.3	-36.34	-29.98	-19.28	NA	NA	-36.91	-29.52	-31.56	-28.8	-31.14	-32.98	-24.99	-22.75	-28.29	-27.62	-25.16
"18"	-35.7	-37	NA	NA	-30.3	-36.7	-31.21	-31.61	-20.13	NA	NA	-38.57	-29.15	-32	-29.86	-35.32	-31.63	-25.31	-23.7	-30.66	-27.62	-27.3
"19"	-31.3	-36.6	NA	NA	-29.8	-33.4	-27.63	-31.25	-25.15	NA	NA	-38.05	-30.64	-31.74	-35.33	-36.45	-30.47	-26.24	-27.28	-30.35	-26.06	-25.79
"20"	-31.7	-35.6	NA	NA	-32.9	-36.6	-26.48	-27.85	-26.44	NA	NA	-34.17	-31.99	-30.29	-37.2	-36.73	-33.39	-27.74	-29.64	-31.88	-32.93	-26.14
"21"	-34.2	-32.6	NA	NA	-34.1	-36.7	-30.38	-20.33	-29.12	NA	NA	-30.33	-28	-31.68	-35.15	-39.35	-28.11	-18.79	-29.06	-31.15	-33.61	-24.38
"22"	-35.5	-30.3	NA	NA	-34.7	-33.6	-31.18	-30.16	-26.85	NA	NA	-35.23	-31.14	-29.12	-35.74	-33.87	-29.7	-8.52	-27.71	-30.43	-32.08	-22.65
"23"	-34.9	-33.4	NA	NA	-35.5	-28.3	-32.36	-36.9	-24.25	NA	NA	-39.41	-33	-30.76	-34.91	-31.45	-29.82	-19.8	-28.15	-31.26	-28.37	-23.96
"24"	-36.7	-31.7	NA	NA	-34.2	-21.5	-33.77	-33.73	-23.08	NA	NA	-38.07	-32.11	-30.37	-31.49	-32.65	-30.68	-23.8	-29.06	-28.37	-26	-24.52
"25"	-37.4	-28.1	NA	NA	-33.8	-28.5	-31.8	-32.96	-21.93	NA	NA	-33.4	-32.27	-31.5	-32.04	-31.94	-28.61	-24.78	-29.36	-28.41	-24.5	-28.08
"26"	-38.2	-22.5	NA	NA	-32.7	-31.2	-32.25	-28.94	-23.75	NA	NA	-28.18	-33.8	-32.63	-35.32	-34.53	-29.11	-27.04	-26.64	-27.77	-21.77	-28.98
"27"	-39.2	-21.5	NA	NA	-32.7	-31.7	-32.52	-26.57	-24.6	NA	NA	-33.13	-31.47	-33.18	-37.7	-30.45	-30.28	-28.13	-24.88	-28.57	-27.16	-25.06
"28"	-34.8	-14.3	NA	NA	-31.9	-32.3	-32.58	-26.3	-28.58	NA	NA	-33.35	-25.36	-32.05	-37.95	-30.43	-32.86	-29.59	-20.16	-28.35	-32.27	-27.9
"29"	-30.7	-22.4	NA	NA	-29.9	-30.4	-31.85	-27.11	-30.94	NA	NA	-32	-19.64	-34.04	-39.39	-29.17	-33.78	-29.7	-23.03	-24.82	-33.79	-29.29
"30"	-25.5	-25.8	NA	NA	-30.3	-26.9	-34.6	-29.67	-31.32	NA	NA	-33.82	-19.79	-35.63	-38.5	-31.2	-36.03	-26.82	-27.61	-22.97	-33.05	-28.74
"31"	-23.6	-26.5	NA	NA	-32.5	-29.1	-35.19	-30.29	-30.35	NA	NA	-32.65	-27.78	-35.46	-34.53	-32.58	-35.98	-22.07	-28.71	-21.19	-34.65	-28.54
"32"	-18.2	-31.7	NA	NA	-34.6	-29.2	-38.19	-30.53	-23.53	NA	NA	-34.76	-29.11	-37.35	-33.99	-33.95	-36.04	-23.68	-30.93	-17.05	-31.94	-22.65
"33"	-25.6	-37	NA	NA	-35.6	-27.8	-37.63	-31.1	-14.34	NA	NA	-34.96	-28.68	-35.43	-20.39	-35.2	-38.57	-27.55	-34.75	-26.15	-32.31	-22.92
"34"	-28.4	-38.4	NA	NA	-36.9	-28	-34.48	-30.16	-13.99	NA	NA	-34.63	-31.83	-34.95	-21.69	-29.38	-39.98	-29.16	-35.08	-31.18	-33.86	-17.8
"35"	-27.3	-35.4	NA	NA	-36.3	-30.2	-37.41	-28.73	-19.76	NA	NA	-35.5	-32.74	-31.51	-25.82	-29.8	-38.69	-31.65	-34.81	-28.72	-34.99	-21.94
"36"	-23.9	-37.4	NA	NA	-37.5	-31.2	-35.57	-23.83	-18.12	NA	NA	-35.41	-31.57	-33.71	-32.12	-28.57	-37.55	-32.98	-33.59	-24.58	-30.4	-25.01
"37"	-27.5	-36.8	NA	NA	-38.1	-31.8	-36.35	-20.1	-18.4	NA	NA	-33.89	-31.79	-33.74	-36.32	-28.55	-35.18	-32.44	-32.66	-27.07	-31.93	-28.62
"38"	-30.6	-40.3	NA	NA	-38.2	-32.6	-37.07	-23.88	-22.32	NA	NA	-36.8	-35.45	-33.1	-33.68	-33.06	-33.17	-26.12	-27.84	-31.4	-33.8	-24.46
"39"	-32.2	-38.5	NA	NA	-38.7	-32.6	-32.88	-25.73	-23.29	NA	NA	-35.69	-33.65	-32.62	-35	-37.53	-36.81	-31.7	-23.93	-30.78	-35.69	-27.79
"40"	-32.5	-35.5	NA	NA	-35.4	-30.6	-29.91	-30.56	-27.82	NA	NA	-34.17	-31.48	-26.63	-33.42	-38.25	-34.31	-30.21	-26.33	-30.56	-35.64	-26.03
"41"	-29.1	-35.4	NA	NA	-29.5	-27.6	-30.27	-32.92	-29.8	NA	NA	-36.69	-32.73	-23.95	-32.06	-38.33	-35.03	-28.05	-23.65	-30.27	-34.9	-28.26
"42"	-25.2	-35.8	NA	NA	-30.2	-26.4	-36.85	-32.77	-26.77	NA	NA	-41.05	-34.17	-27.27	-31.39	-40.52	-35.15	-27.87	-24.4	-25.89	-35.93	-26.22
"43"	-27.5	-36.9	NA	NA	-29.7	-25.7	-32.28	-24.25	-29.55	NA	NA	-39.22	-35.03	-29.48	-32.75	-40.28	-36.98	-25.49	-24.64	-26.29	-35.01	-23.89
"44"	-27.1	-36.4	NA	NA	-31.8	-30.8	-28.9	-20.37	-27.17	NA	NA	-37.23	-33.04	-31.81	-31.37	-39.28	-36.32	-27.44	-30.16	-25.33	-32.17	-24.82
"45"	-31	-38.5	NA	NA	-34.5	-31.5	-33.87	-22.57	-27.93	NA	NA	-37.03	-29.67	-34.07	-31.19	-34.61	-37.97	-31.66	-31.21	-21.48	-31.75	-27.16
"46"	-29.9	-37	NA	NA	-32.1	-29.3	-28.7	-26	-31.79	NA	NA	-36.01	-31.35	-32.74	-31.46	-29.42	-34.66	-33.9	-30.82	-17.52	-32.87	-26.91
"47"	-30.6	-33.9	NA	NA	-28.5	-20.6	-29.19	-28.4	-30.93	NA	NA	-35.74	-33.45	-31.97	-32.59	-24.83	-33.43	-33.11	-31.55	-22.9	-27.25	-25.13
"48"	-28.9	-35.5	NA	NA	-27.8	-20.8	-28.67	-30.58	-30.48	NA	NA	-37.79	-34.11	-34.8	-32.72	-29.61	-36.05	-31.84	-30.37	-27.79	-31.28	-27.1
"49"	-26.8	-40.2	NA	NA	-28	-17.3	-27.53	-27.82	-31.42	NA	NA	-34.89	-32.44	-37.66	-33.73	-34.78	-36.31	-26.78	-28.9	-28.89	-34.92	-26.69
"50"	-22.2	-41.2	NA	NA	-28.2	-24.5	-29.39	-26.13	-32.73	NA	NA	-21.56	-30.92	-36.4	-31.64	-35.06	-38.35	-30.12	-30.72	-31.15	-34.56	-27.26
"51"	-18.8	-38.7	NA	NA	-30.7	-25.4	-29.54	-29.47	-31.26	NA	NA	-21.49	-28.54	-36.08	-26.12	-33.44	-39.89	-28.17	-30.61	-19.04	-34	-26.35
"52"	-16.3	-35.4	NA	NA	-31	-26.4	-29.02	-30	-26.54	NA	NA	-28.58	-27.21	-31.64	-27.52	-33.09	-39.07	-32.73	-29.78	-15.77	-34.27	-24.04
"53"	-8.7	-35.5	NA	NA	-31.1	-26.5	-27.03	-30.73	-26.09	NA	NA	-32.58	-31.23	-30.56	-24.86	-34.76	-39.7	-33.04	-30.14	-19	-30.35	-18.98
"54"	-20.6	-36.8	NA	NA	-33.3	-31.8	-28.63	-31.44	-27.53	NA	NA	-31.65	-30.52	-31.34	-29.88	-33.4	-40.9	-28.46	-30.63	-23.8	-26.7	-19.83
"55"	-23.8	-37.6	NA	NA	-31.9	-31.7	-32.07	-32.01	-28.87	NA	NA	-33.16	-30.62	-32.97	-32.79	-31.21	-37.61	-28.38	-27.95	-25.84	-25.39	-17.24
"56"	-21.2	-37.8	NA	NA	-31.9	-36.1	-36.24	-32.87	-25.76	NA	NA	-30.99	-30.12	-33.56	-34.77	-22.05	-36.71	-30.49	-26.04	-19.23	-30.34	-22.57
"57"	-24.7	-37.1	NA	NA	-28.4	-34.4	-34.97	-33.32	-19.75	NA	NA	-33.28	-27.45	-31.52	-37.81	-29.12	-35.12	-33.23	-25.1	-16.13	-25.58	-20.2
"58"	-27.7	-35.5	NA	NA	-32.5	-29.9	-34.14	-33.71	-30.26	NA	NA	-38.6	-30.27	-33.56	-36.65	-30.62	-36.59	-34.86	-29.72	-17.86	-21	-25.33
"59"	-31.1	-33.8	NA	NA	-30.1	-28.4	-34.82	-34.59	-33.48	NA	NA	-41.32	-29.1	-34.74	-34.39	-29.81	-39.19	-35.26	-29.76	-23.15	-18.95	-28.6
"60"	-33.1	-32.2	NA	NA	-24.6	-25.9	-32.69	-35.66	-36.11	NA	NA	-40.21	-25.25	-34.86	-34.36	-30.24	-39.76	-35.8	-26.18	-26.75	-18.63	-30.24
"61"	-31.3	-34.6	NA	NA	-30.4	-29.2	-30.69	-35.87	-37.67	NA	NA	-39.44	-23.24	-33.3	-34.62	-32.5	-37.46	-35.21	-24.24	-26.37	-16.93	-28.72
"62"	-27.7	-37.2	NA	NA	-32.6	-24.9	-31.52	-35.81	-39.02	NA	NA	-37.56	-23.13	-32.75	-34.79	-26.86	-34.75	-29.42	-28.47	-32.67	-19.93	-31.89
"63"	-29.4	-37.4	NA	NA	-34.2	-27.5	-30.5	-36.48	-38.91	NA	NA	-31.21	-24.95	-33.95	-34.29	-25.87	-35.07	-29.18	-32.11	-34.53	-23.07	-36.19
"64"	-31.8	-34.4	NA	NA	-34.4	-30.8	-27.55	-36.09	-33.15	NA	NA	-22.94	-24.61	-34.08	-34.33	-29.47	-36.04	-24.7	-29.5	-35.74	-29.15	-34.12
"65"	-32.7	-34.2	NA	NA	-31	-31.2	-29.93	-34.22	-31.35	NA	NA	-28.71	-27.98	-32.11	-35.89	-33.51	-33.81	-26.78	-27.72	-30.13	-33.19	-32.77
"66"	-37.5	-36.4	NA	NA	-25.8	-31.1	-25.84	-28.97	-34.45	NA	NA	-28.15	-30.84	-28.02	-33.03	-34.96	-31.66	-32.8	-26.46	-24.69	-35.85	-32.21
"67"	-36.6	-35.7	NA	NA	-25.4	-25	-28.57	-27.81	-36.92	NA	NA	-31.92	-32.03	-23.73	-33.65	-34.55	-34.61	-33.04	-30.74	-23.6	-34.24	-32.02
"68"	-35	-34.4	NA	NA	-30	-22.5	-32.52	-29.41	-36.01	NA	NA	-28.53	-31.98	-22.38	-29.75	-32.13	-32.81	-31.7	-33.14	-22.16	-32.43	-28.23
"69"	-40.3	-32.7	NA	NA	-31.4	-19.1	-33.68	-31.31	-33.2	NA	NA	-32	-32.23	-27.63	-31.31	-35.99	-29.56	-33.27	-33.84	-21.64	-33.74	-32.8
"70"	-39.6	-32.4	NA	NA	-33.5	-20.3	-29	-32.73	-31.52	NA	NA	-30.18	-33.87	-23.91	-27.52	-34.63	-33.39	-35.4	-33.57	-21.52	-31	-33.09
"71"	-38.9	-27.8	NA	NA	-34	-21.7	-16.85	-31.15	-30.43	NA	NA	-33.11	-34.91	-24.07	-30.59	-31.08	-31.68	-35.71	-34.53	-24.6	-31.88	-32.12
"72"	-36.6	-18.4	NA	NA	-32.1	-21.9	-22.68	-31.89	-29.56	NA	NA	-34.32	-34.6	-23.61	-31.39	-30.77	-28.83	-29.12	-31.18	-20.03	-36.35	-31.56
"73"	-31.7	-21.7	NA	NA	-32.7	-24.8	-27.56	-31.53	-27.81	NA	NA	-34.4	-35.9	-24.34	-32.11	-32	-33.18	-20.4	-30.38	-18.09	-37.34	-30.18
"74"	-34.6	-27.7	NA	NA	-29	-30.2	-29.31	-34.42	-22.64	NA	NA	-32.54	-33.67	-26.41	-30.09	-29.58	-32.66	-22.77	-31.47	-21.1	-36.74	-29.54
"75"	-35.4	-29.4	NA	NA	-30.3	-29.2	-29.17	-32.34	-22.19	NA	NA	-31.95	-34.23	-26.96	-25.87	-27.26	-30.13	-26.78	-34.37	-25.63	-38.24	-21.79
"76"	-34.2	-29.8	NA	NA	-31.2	-29.5	-29.31	-29.52	-24.22	NA	NA	-28.4	-30.33	-29.44	-28.79	-28.76	-31.49	-22.01	-33.26	-23.59	-37.44	-26.13
"77"	-32.2	-31.2	NA	NA	-33.8	-30.9	-27.23	-33.63	-28.71	NA	NA	-26.53	-29.77	-26.4	-33.34	-32.01	-30.21	-27.12	-31.57	-23.35	-33.58	-28.29
"78"	-34.1	-32.6	NA	NA	-34.9	-32.3	-28.11	-35.98	-29.88	NA	NA	-25.66	-31.46	-26.21	-32.82	-29.66	-22.11	-27.65	-34.47	-26.46	-31.6	-28.49
"79"	-36.1	-34.5	NA	NA	-33.8	-31	-27.12	-36.09	-30.49	NA	NA	-26.35	-29.39	-27.85	-32.31	-29.98	-27.91	-27.99	-34.84	-28.82	-31.9	-27.39
"80"	-36.8	-33.3	NA	NA	-31.9	-27.3	-28.28	-36.24	-30.21	NA	NA	-24.25	-31.57	-30.97	-30.25	-32.6	-30.28	-26.45	-33.52	-29.06	-32.83	-28.83
"81"	-35.6	-33.5	NA	NA	-30.9	-28.1	-29.82	-32.58	-28.03	NA	NA	-23.91	-32.96	-33.52	-23.65	-34.15	-30.45	-30.78	-30.76	-30.07	-28.95	-27.87
"82"	-38	-30.9	NA	NA	-33.1	-31.5	-31.68	-29.12	-27.76	NA	NA	-23.17	-31.31	-32.84	-23.32	-35.94	-29.64	-31.92	-31.26	-34.49	-23.65	-28.35
"83"	-35.7	-29.5	NA	NA	-32	-31.4	-31.61	-25.14	-29.35	NA	NA	-30.54	-28.33	-33.29	-22.16	-36.39	-31.52	-32.21	-33.24	-33.42	-16.23	-23.92
"84"	-34.1	-28.2	NA	NA	-31.4	-32.2	-30.57	-24.14	-30.07	NA	NA	-31.68	-27.11	-33.24	-23.69	-35.62	-31.71	-33.72	-31.95	-32.46	-21.76	-24
"85"	-35.9	-27	NA	NA	-30.8	-25.8	-29.32	-25.93	-30.41	NA	NA	-31.71	-27.47	-34.43	-23.85	-33.39	-31.38	-35.59	-30.34	-30.96	-22.52	-24.13
"86"	-36.4	-28	NA	NA	-21.6	-26.2	-30.96	-28.76	-31.45	NA	NA	-32.36	-26.74	-34.24	-25.48	-29.18	-31.05	-34.48	-29.27	-28.51	-18.92	-25.15
"87"	-36	-27.3	NA	NA	-18.2	-27.6	-31.82	-28.29	-30.19	NA	NA	-32.45	-23.12	-34	-28.75	-27.66	-28.24	-31.53	-28.63	-25.37	-21.37	-24.54
"88"	-32.2	-29.4	NA	NA	-25.4	-23.9	-33.99	-27.88	-30.98	NA	NA	-32.63	-22.06	-33.37	-28.27	-25.62	-26.44	-33.73	-27.39	-24.32	-22.62	-23.07
"89"	-28.7	-30.1	NA	NA	-26	-28	-34.27	-27.89	-29.25	NA	NA	-32.77	-22.91	-30.09	-30.18	-22.68	-27.93	-32.95	-28.5	-21.88	-22.97	-26.49
"90"	-27.3	-31.6	NA	NA	-26	-28.9	-32.68	-23.27	-29.37	NA	NA	-29.81	-24.82	-29.67	-23.66	-24.67	-31.12	-31.58	-28.13	-17.64	-23.07	-27.68
"91"	-29	-31.8	NA	NA	-27.1	-28.1	-31.3	-23.49	-28.98	NA	NA	-31.25	-22.98	-28.45	-21.3	-26.92	-32.52	-31.31	-29.42	-16.68	-21.63	-25.67
"92"	-31.4	-30.5	NA	NA	-20.1	-27.4	-31.93	-26.3	-27.08	NA	NA	-32.26	-21.14	-27.17	-17.8	-27.77	-33.75	-29.85	-30.17	-15.76	-20.68	-24.74
"93"	-28.9	-29.6	NA	NA	-18.4	-25.6	-31.91	-24.23	-21.9	NA	NA	-33.04	-23.27	-27.92	-20.74	-23.51	-33.5	-28.83	-26.4	-16.8	-19.46	-24.8
"94"	-28.4	-29.4	NA	NA	-20.1	-26.7	-31.09	-23.44	-19.32	NA	NA	-31.52	-25.13	-26.38	-20.76	-26.37	-31.59	-29.83	-22.53	-21.33	-23.5	-22.4
"95"	-33	-29.2	NA	NA	-21.8	-28.6	-24.94	-15.99	-21.76	NA	NA	-31.33	-24.5	-25.15	-22.96	-30.13	-29.71	-28.86	-23.93	-25.9	-24.19	-22.14
"96"	-28.4	-26.6	NA	NA	-22	-29.3	-23.35	-15.38	-24.22	NA	NA	-30.66	-24.61	-25.24	-23.95	-30.98	-27.26	-26.6	-26.23	-27.87	-23.06	-19.55
"97"	-26.8	-26.9	NA	NA	-18.3	-27.1	-25.94	-16.14	-23.98	NA	NA	-30.01	-22.25	-27.56	-25.86	-33.11	-27.95	-23.89	-25.65	-28.59	-25.34	-18.71
"98"	-23.8	-28.2	NA	NA	-20.8	-27.9	-21.38	-20.02	-25.48	NA	NA	-29.14	-19.36	-27.51	-26.31	-31.92	-27.35	-24.56	-27.01	-26.72	-25.11	-15.34
"99"	-21.9	-28.4	NA	NA	-8.79	-27.4	-19.06	-16.87	-24.96	NA	NA	-25.11	-19.06	-27.75	-26.4	-29.16	-27.04	-25.37	-27.44	-23.83	-25.52	-10.65
"100"	-26.9	-28.2	NA	NA	-10.4	-28.1	-18.94	-17.16	-25.64	NA	NA	-23.41	-16.56	-27.39	-26.81	-28.38	-29.03	-27.26	-26.76	-22.22	-24.75	-12.61
"101"	-22	-27.9	NA	NA	-13.6	-25.8	-25.44	-20.13	-25.56	NA	NA	-24.86	-12.23	-26.79	-24.92	-26.69	-27.59	-27.85	-25.71	-23.93	-23.97	-17.8
"102"	-20.6	-26	NA	NA	-20.4	-28.6	-26.71	-19.89	-25.26	NA	NA	-25.59	-13.56	-23.6	-21.83	-25.72	-27.49	-25.83	-25.49	-23.28	-23.25	-21.19
"103"	-20.7	-28.8	NA	NA	-21.5	-28.1	-25.87	-21.36	-25.16	NA	NA	-24.22	-15.48	-20.5	-19.4	-25.32	-28.43	-24.41	-21.09	-24.04	-20.62	-22.56
"104"	-24.5	-27.3	NA	NA	-22.9	-26.8	-24.28	-20.63	-24.76	NA	NA	-21.57	-14.23	-22.76	-20.37	-25.01	-28.56	-23.51	-21.45	-30.57	-21.37	-18.4
"105"	-23.2	-26.6	NA	NA	-22	-23.5	-24.65	-21.52	-24.71	NA	NA	-17.54	-14.59	-20.32	-19.65	-22.51	-27.96	-22.44	-23.23	NA	-20.93	-14.25
"106"	-25.9	-28	NA	NA	-21.3	-23.2	-20.24	-21.63	-22.83	NA	NA	-16.1	-18.97	-20.08	-21.86	-20.96	-25.36	-22.45	-22.44	NA	-21.68	-18.7
"107"	-25.2	-26.9	NA	NA	-22.1	-23	-21.87	-20.86	-23.39	NA	NA	-17.53	-20.71	-21.81	-23.81	-21.12	-25.97	-22.07	-21	NA	-22.87	-14.71
"108"	-22.4	-28.9	NA	NA	-21	-23.6	-22.3	-20.86	-23.3	NA	NA	-16.67	-21.47	-17.98	-23.4	-21.08	-26.16	-20.16	-21.78	NA	-24.73	-13.37
"109"	-25.2	-26.4	NA	NA	-23.9	-21.9	-23.25	-19.04	-20.38	NA	NA	-9.5	-24.23	-15.99	-21.45	-21.31	-25.16	-19.94	-18.88	NA	-22.29	-12.56
"110"	-24	-24.3	NA	NA	-20.7	-22	-23.5	-17.67	-17.4	NA	NA	-14.16	-20.95	-21.84	-19.16	-20.77	-25.41	-20.71	-17.88	NA	-19.95	-5.67
"111"	-18.9	-23.7	NA	NA	-20.2	-20.2	-23.86	-14.84	-12.46	NA	NA	-11.87	-18.38	-22.32	-18.86	-20.08	-24.56	-21.4	-17.86	NA	-20.3	-6.792
"112"	-19.7	-24.6	NA	NA	-20.4	-19.7	-22.9	-13.33	-9.35	NA	NA	-10.23	-20.37	-23.07	-18.96	-18.09	-23.77	-20.76	-16.15	NA	-17.83	-8.6
"113"	-19.7	-24.7	NA	NA	-20.4	-20	-22.29	-14.18	-11.84	NA	NA	-14.95	-20.32	-22.61	-18.3	-18.54	-21.6	-21.25	-13.22	NA	-17.78	-10.01
"114"	-19.6	-25.6	NA	NA	-20	-19.2	-22.87	-16.75	-12.55	NA	NA	-15.47	-18.53	-22.85	-15.99	-16.33	-22.73	-19.01	-10.65	NA	-14.13	-10.24
"115"	-18.6	-24.8	NA	NA	-19.1	-17.5	-20.54	-14.57	-16.12	NA	NA	-14.7	-16.92	-20.24	-12.18	-16.21	-22.24	-15.08	-11.33	NA	-11.93	-10.26
"116"	-18.8	-25.1	NA	NA	-19.4	-15.7	-20.47	-12.92	-15.96	NA	NA	-12.62	-14.66	-16.64	-12.21	-14.85	-22.12	-14.91	-11.42	NA	-11.45	-10.76
"117"	-16.5	-24.7	NA	NA	-14.9	-14.4	-20.43	-13.51	-14.77	NA	NA	-11.03	-13.03	-15.12	-13.39	-12.9	-21.61	-16.79	-11.16	NA	-10.81	-10.62
"118"	-15.1	-23.3	NA	NA	-13.2	-14.1	-20.41	-15.87	-13.16	NA	NA	-9.28	-12.25	-15.38	-11.82	-13.81	-14.69	-16.73	-12.74	NA	-9.37	-10.36
"119"	-16.2	-22.8	NA	NA	-12.9	-13.2	-19.31	-16.96	-16.79	NA	NA	-13.29	-13.06	-14.99	-12.51	-12.94	-10.93	-17.39	-12.47	NA	-10.84	-9.73
"120"	-15	-22.2	NA	NA	-14.8	-12.1	-19.67	-16.96	-13.4	NA	NA	-16.1	-12	-13.96	-13.51	-14.59	-10.61	-16.21	-11.97	NA	-11.06	-8.51
"121"	-14.2	-21.5	NA	NA	-11.1	-13.2	-19.44	-15.11	-11.84	NA	NA	-14.87	-12.68	-13.47	-15.41	-13.57	-13.27	-15.22	-13.87	NA	-10.05	-10.54
"122"	-14.3	-18.9	NA	NA	-13.4	-13.9	-18.37	-15.04	-12.91	NA	NA	-16	-13.08	-15.65	-15.06	-12.28	-12.59	-13.84	-14.14	NA	-10.7	-10.9
"123"	-13.3	-16.8	NA	NA	-11.7	-14.3	-17.94	-14.91	-11.56	NA	NA	-14.99	-12.16	-13.65	-13.66	-10.89	-13.48	-11.36	-12.6	NA	-10.14	-9.43
"124"	-13	-15	NA	NA	-8.58	-12.4	-16.2	-13.75	-11.24	NA	NA	-15.8	-11.74	-14.42	-13	-12.07	-14.83	-8.69	-11.35	NA	-10.68	-9.88
"125"	-9.32	-13.4	NA	NA	-5.12	-11.5	-17.7	-13.81	-11.41	NA	NA	-13.59	-10.35	-15.1	-16.52	-11.29	-13.41	-10.13	-11.26	NA	-11.64	-7.92
"126"	-4.17	-14.2	NA	NA	-7.73	-11.4	-14.32	-13.59	-11.8	NA	NA	-10.62	-5.944	-15.26	-16.03	-10.62	-12.19	-11.49	-10.31	NA	-12.2	-8.18
"127"	-0.44	-14.2	NA	NA	-8.38	-9.62	-8.98	-13.06	-12.79	NA	NA	-7.82	-5.829	-17.16	-15.66	-11.67	-10.03	-12.67	-10.17	NA	-11.1	-9.63
"128"	-5.26	-15.1	NA	NA	-9.77	-10	-13.1	-11.83	-14.81	NA	NA	-6.49	-6.331	-15.83	-12.95	-15.11	-10.83	-11.46	-6.954	NA	-10.26	-11
"129"	-6.61	-11.4	NA	NA	-8.96	-9.96	-13.98	-11.35	-12.92	NA	NA	-5.184	-11.67	-16.2	-11.39	-15.15	-9.64	-9.81	-7.78	NA	-7.99	-10.15
"130"	-8.92	-11.2	NA	NA	-8.05	-11.3	-12.85	-9.34	-10.49	NA	NA	-3.614	-12.23	-16.21	-11.17	-13.45	-7.56	-11.21	-6.675	NA	-4.354	-8.28
"131"	-7.56	-11	NA	NA	-4.36	-11.2	-12.22	-5.874	-8.1	NA	NA	-6.212	-12.76	-15.74	-12.2	-9.83	-6.483	-14.33	-6.239	NA	-3.208	-8.66
"132"	-8.54	-10.4	NA	NA	-4.78	-8.98	-12.23	-5.461	-4.095	NA	NA	-6.549	-12.82	-14.08	-12.71	-9.02	-5.215	-12.34	-8.24	NA	-2.958	-7.87
"133"	NA	-9.9	NA	NA	-3.98	-8.78	-12.03	-3.018	-4.374	NA	NA	-5.135	-11.04	-8.9	-11.29	-8.75	-1.202	-10.17	-8.03	NA	-0.349	-7.2
"134"	-8.63	-11	NA	NA	-4.78	-9.37	-11.74	-3.698	-3.687	NA	NA	-2.102	-9.29	-9.14	-11.53	-9.38	-3.356	-9.32	-5.002	NA	-2.299	-7.32
"135"	-11	-11.3	NA	NA	-4.15	-8.95	-10.16	-2.047	-0.054	NA	NA	-1.441	-5.285	-7.51	-10.5	-9.64	-6.583	-7.07	-5.502	NA	-1.153	-6.114
"136"	-10.3	-12.8	NA	NA	-4.76	-9.91	-12.94	-2.924	-0.38	NA	NA	-2.499	-7.64	-3.158	-8.71	-9.59	-5.503	-5.448	-3.79	NA	-1.072	-5.344
"137"	-10.3	-12.2	NA	NA	-4.39	-9.61	-11.98	-3.707	1.495	NA	NA	-1.711	-8.35	-5.005	-8.68	-7.28	-6.73	-2.913	-5.07	NA	-0.741	-7.3
"138"	-10.5	-10.1	NA	NA	-6.65	-9.61	-11.84	-5.285	-0.549	NA	NA	-1.612	-6.936	-4.382	-6.355	-4.568	-7.86	-3.698	-4.906	NA	-1.382	-5.589
"139"	-11.4	-8.84	NA	NA	-7.45	-8.82	-8.61	-6.646	-2.859	NA	NA	-1.635	-6.366	-5.412	-5.419	-6.726	-6.505	-3.801	-2.629	NA	-0.036	-4.924
"140"	-10.3	-9.83	NA	NA	-4.55	-5.81	-8.95	-6.793	-8.75	NA	NA	-0.506	-7.66	-5.497	-3.904	-5.95	-6.956	-3.936	-3.13	NA	-2.343	-4.391
"141"	-8.93	-9.65	NA	NA	-3.48	-4.94	-10.93	-7.08	-7.18	NA	NA	-0.555	-7.7	-7.59	-4.127	-6.299	-8.88	-4.634	-3.342	NA	-1.589	-4.989
"142"	-8.95	-9.52	NA	NA	-5.9	-5.42	-10.67	-6.416	-6.576	NA	NA	-0.879	-5.678	-5.887	-5.28	-7.12	-8.57	-3.208	-2.175	NA	-1.47	-4.195
"143"	-9.35	-7.72	NA	NA	-6.14	-4.9	-9.43	-4.659	-4.537	NA	NA	-2.453	-3.823	-6.04	-6.895	-7.32	-8.59	-0.563	-4.604	NA	-2.925	-4.86
"144"	-8.01	-7.46	NA	NA	-4.33	-4.01	-7.66	-3.895	0.717	NA	NA	-2.544	-3.432	-5.711	-8.27	-2.897	-8.84	-1.452	-5.146	NA	-3.589	-4.662
"145"	-9.04	-5.41	NA	NA	-3.81	-3.53	-4.36	-1.41	1.639	NA	NA	-2.34	-2.629	-5.412	-9.05	-6.236	-7.73	-0.209	-5.043	NA	-4.332	-2.265
"146"	-8.7	-4.04	NA	NA	-3.56	-4.1	-4.82	0.19	1.69	NA	NA	-4.657	-3.498	-5.608	-8.17	-5.713	-4.139	-1.4	-4.408	NA	-3.046	-2.528
"147"	-9.19	-4.85	NA	NA	-2.23	-3.78	0.58	0.945	1.63	NA	NA	-0.646	-4.457	-5.315	-5.331	-3.881	-2.466	-2.663	-3.371	NA	-0.284	-3.706
"148"	-8.45	-2.41	NA	NA	-2.07	-4.35	2.57	2.802	-1.741	NA	NA	-1.464	-2.865	-6.428	-3.663	-2.632	-0.87	-2.932	-0.845	NA	1.701	-3.771
"149"	-7.72	-2.07	NA	NA	-5.18	-1.67	-1.26	2.042	-3.398	NA	NA	-1.449	-2.13	-4.49	-4.562	-1.416	0.435	-3.363	-0.217	NA	-1.894	-2.98
"150"	-7.46	-1.41	NA	NA	-2.63	-1.98	-1.01	1.997	-2.938	NA	NA	-2.935	-0.873	-3.627	-3.351	-0.432	2.331	-3.068	0.212	NA	-3.475	-2.295
"151"	-6.78	-1.28	NA	NA	-0.32	0.96	1.65	1.585	-0.349	NA	NA	-2.784	2.7	-3.929	-3.059	6.643	2.11	-2.381	0.313	NA	-1.662	-1.041
"152"	-8.52	-2.44	NA	NA	0.29	0.49	-0.96	1.623	1.803	NA	NA	-2.127	2.258	-0.277	-4.044	3.708	1.739	1.38	0.961	NA	-0.841	-2.283
"153"	-7.2	-1.73	NA	NA	-0.17	-0.06	4.71	1.458	1.857	NA	NA	-0.963	3.719	-1.042	-2.436	1.873	1.768	1.629	0.367	NA	-0.968	-0.972
"154"	-7.96	0.23	NA	NA	-1.14	0	4.28	-0.615	1.239	NA	NA	-1.796	4.025	-0.709	-2.032	0.971	3.059	2.111	1.26	NA	0.812	0.86
"155"	-5.75	-0.99	NA	NA	-0.79	1.28	1.67	1.452	2.48	NA	NA	0.507	4.97	1.819	-2.211	1.628	1.973	2.092	2.485	NA	1.02	-0.234
"156"	-5.72	-2.53	NA	NA	-0.22	3.91	2.1	1.016	3.931	NA	NA	1.078	3.358	1.987	-2.808	2.178	1.041	4.155	3.34	NA	0.255	0.339
"157"	-5.51	-3.29	NA	NA	1.17	3.39	-0.75	0.262	1.974	NA	NA	2.037	1.613	2.273	-1.235	1.318	1.892	2.435	3.834	NA	0.624	3.514
"158"	-4.42	-2.02	NA	NA	0.41	1.73	-1.68	0.371	1.162	NA	NA	1.017	3.05	0.525	-0.608	3.156	2.112	-0.496	3.779	4.608	1.101	3.299
"159"	-2.77	-0.54	NA	NA	4.46	3.44	-0.55	1.945	1.389	NA	NA	3.287	3.174	1.053	1.071	3.99	1.079	-0.279	2.53	2.936	1.548	1.722
"160"	-1.91	0.05	NA	NA	2.44	2.97	-0.38	1.888	3.018	NA	NA	5.167	5.599	0.865	3.472	1.858	1.597	-0.556	0.197	2.85	0.672	1.906
"161"	-3.13	2.06	NA	NA	2.9	1.37	-0.15	1.607	1.193	NA	NA	5.264	3.597	2.68	4.024	2.126	1.635	0.86	1.764	2.713	0.044	4.287
"162"	-2.64	1.07	NA	NA	1.53	1.17	1.02	2.514	2.513	NA	NA	5.784	2.231	2.922	4.861	0.79	3.202	1.464	2.061	2.381	0.884	3.169
"163"	-3.22	2.03	NA	NA	3.76	1.12	0.82	2.14	1.634	NA	NA	2.863	2.924	2.555	6.054	2.91	3.734	3.258	0.852	4.067	0.682	4.779
"164"	-1.99	1.19	NA	NA	3.01	1.37	1.01	0.904	3.629	NA	NA	4.299	2.834	4.069	4.802	2.75	3.993	3.035	0.977	2.325	0.836	2.848
"165"	-1.84	0.91	NA	NA	2.23	4.1	0.98	1.323	4.19	NA	NA	5.326	3.377	4.035	1.72	4.397	4.959	5.597	3.59	2.663	1.195	0.859
"166"	-1.59	4.65	NA	NA	3.52	5.88	-0.65	1.091	2.876	NA	NA	6.534	3.895	0.864	2.417	5.716	3.549	3.559	3.424	1.767	2.569	3.231
"167"	0.35	3.03	NA	NA	4.97	5.25	1.09	0.887	4.436	NA	NA	8.35	5.791	2.567	3.452	3.599	3.387	3.277	2.059	2.358	1.429	4.298
"168"	1.58	1.42	NA	NA	3.49	1.98	1.54	2.714	5.302	NA	NA	6.347	4.533	1.234	2.665	3.101	2.103	3.785	2.759	0.328	0.789	2.694
"169"	1.71	1.73	NA	NA	-0.54	4.01	1.11	4.867	2.412	NA	NA	7.04	2.276	2.035	5.678	3	2.986	2.927	2.477	0.318	2.06	6.498
"170"	-0.72	0.85	NA	NA	0.81	2.55	2.82	6.311	2.136	NA	NA	8.96	5.047	3.052	4.203	3.068	2.414	5.087	2.645	4.052	3.077	5.458
"171"	1.37	0.88	NA	NA	4.82	1.26	6.11	3.447	0.815	NA	NA	5.822	6.51	4.855	6.729	3.074	3.263	4.217	3.774	6.513	2.794	4.614
"172"	2.09	2.94	NA	NA	5.14	0.69	3.63	5.495	1.467	NA	NA	7.5	3.492	2.708	3.734	4.542	6.693	2.946	3.273	5.61	2.782	2.683
"173"	2.82	3.2	NA	NA	6.61	2.37	6.06	6.548	4.537	NA	NA	4.637	1.705	1.619	4.284	4.622	4.974	2.97	3.358	4.569	4.49	4.676
"174"	4.28	2.98	NA	NA	5.46	2.87	4.65	2.828	3.069	NA	NA	5.83	2.878	5.802	7.96	4.717	3.908	3.463	4.189	3.034	0.392	4.28
"175"	4.57	2.14	NA	NA	3.57	3.31	5.26	4.863	5.165	NA	NA	7.79	4.652	3.894	3.569	3.203	2.785	3.178	4.4	5.004	0.664	4.44
"176"	3.11	5.72	NA	NA	4.43	1.64	3.96	2.535	4.537	NA	NA	6.262	4.141	2.651	5.783	5.618	5.776	4.689	5.021	3.936	4.254	3.723
"177"	1.94	7.83	NA	NA	5.93	1.9	3.46	2.373	5.026	NA	NA	7.05	2.606	2.466	7.06	6.268	6.55	9.8	3.479	4.816	5.296	4.288
"178"	2.28	10.11	NA	NA	5.94	3.63	1.94	2.249	6.345	NA	NA	5.468	4.831	3.729	5.568	6.142	9.74	8.39	2.277	4.872	5.942	8.24
"179"	2.59	7.05	NA	NA	4.94	2.63	2.68	5.124	6.376	NA	NA	6.942	7.96	3.414	4.701	5.523	7.45	5.753	2.204	2.925	5.365	4.6
"180"	1.9	6.95	NA	NA	6.41	4.04	3.96	6.328	4.482	NA	NA	6.003	6.652	3.198	4.004	4.877	5.409	4.163	2.859	4.66	2.489	5.71
"181"	2.58	5.34	NA	NA	6.23	3.84	4.13	6.826	2.415	NA	NA	7.98	7.28	4.046	4.61	2.265	6.152	3.6	1.99	2.085	3.061	4.103
"182"	1.6	4.8	NA	NA	4.76	1.4	3.17	3.86	2.115	NA	NA	5.696	7.64	4.977	8.28	3.3	5.848	5.185	1.734	3.926	3.697	5.227
"183"	0.84	1.3	NA	NA	8.07	4.24	2.38	3.353	4.035	NA	NA	8.11	6.769	4.928	12.48	5.327	7.21	7.64	3.688	5.598	1.737	4.667
"184"	1.81	3.7	NA	NA	5.26	1.66	4.31	3.716	4.744	NA	NA	5.132	8.3	9.92	8.14	2.655	5.045	6.529	2.942	2.035	2.218	4.494
"185"	5.38	5.58	NA	NA	7.24	1.15	4.64	6.539	4.958	NA	NA	4.927	4.197	8.22	8.86	2.503	5.56	6.043	3.485	3.691	4.605	1.443
"186"	9.42	7.66	NA	NA	6.37	4.42	4.07	6.33	2.575	NA	NA	3.215	4.396	12.97	7.21	4.652	4.459	6.322	2.72	3.282	6.488	1.817
"187"	6.71	5.68	NA	NA	4.68	4.11	5.81	2.469	2.879	NA	NA	5.708	4.441	6.058	6.217	5.49	5.962	5.699	3.868	7.33	5.379	1.43
"188"	5.75	4.07	NA	NA	8.14	4.13	7.58	3.071	3.398	NA	NA	6.555	4.538	6.789	5.308	3.458	5.788	6.161	4.303	4.485	5.286	4.18
"189"	3.48	3.23	NA	NA	4.74	4.36	6.22	3.451	5.193	NA	NA	4.577	4.974	7.22	3.497	3.005	4.462	4.963	2.049	7.69	6.755	7.63
"190"	2.25	2.56	NA	NA	4.05	4.94	5.19	3.98	9.26	NA	NA	5.465	4.214	7.42	7.81	4.538	5.514	6.986	2.606	9.72	6.586	6.008
"191"	1.43	3.54	NA	NA	7.33	4.36	2.34	6.473	6.895	NA	NA	6.362	5.054	3.169	4.396	6.198	1.414	6.163	2.493	4.039	8.36	6.447
"192"	1.65	3.24	NA	NA	5.95	3.82	4.94	4.657	7.37	NA	NA	6.331	3.909	3.116	5.663	5.896	3.386	5.356	3.138	1.968	9.42	6.521
"193"	4.95	4.16	NA	NA	8.31	3.82	2.66	5.093	3.487	NA	NA	8.64	5.891	3.685	2.079	5.024	4.318	9.22	1.602	4.739	9.04	7.13
"194"	6.08	3.1	NA	NA	6.56	3.66	4.32	7.27	3.382	NA	NA	5.092	2.81	4.59	3.208	8.03	3.919	4.011	1.514	5.699	4.749	6.928
"195"	3.24	4.13	NA	NA	2.46	7.84	4.23	6.227	5.311	NA	NA	5.081	3.115	2.364	4.369	7.71	6.539	3.103	2.22	4.655	2.608	5.899
"196"	4.74	2.92	NA	NA	2.13	8.31	3.79	7.41	4.801	NA	NA	5.758	3.574	2.002	6.613	5.695	4.397	4.826	2.963	5.035	2.853	7.54
"197"	2.84	3.33	NA	NA	2.59	7.66	1.17	8.62	2.313	NA	NA	5.249	4.502	6.714	3.659	9.24	3.112	5.014	3.042	4.277	5.75	6.24
"198"	3.97	5.03	NA	NA	2.91	6.87	2.16	6.143	3.128	NA	NA	5.335	4.507	7.84	4.914	9.33	2.845	9.13	2.683	3.262	4.521	5.829
"199"	3.27	3.34	NA	NA	4.15	7.81	3.06	4.774	5.11	NA	NA	5.302	7.5	6.09	8.85	9.01	5.804	10.98	2.534	4.151	3.927	5.182
"200"	3.33	6.2	NA	NA	3.36	7.6	1.86	4.967	4.198	NA	NA	5.42	8.04	6.437	5.291	7.95	8.17	7.15	5.449	4.737	4.372	6.067
"201"	2.81	4.73	NA	NA	1.54	5.93	2.55	5.872	4.961	NA	NA	4.538	8.17	5.421	3.94	7.02	4.908	NA	5.828	2.03	7.47	6.021
"202"	3.12	4.63	NA	NA	2.64	4.07	1.97	3.092	5.088	NA	NA	2.856	7.99	5.997	5.306	6.231	5.387	NA	5.723	NA	7.61	6.579
"203"	1.07	5.08	NA	NA	5.24	5.94	3.39	4.057	3.9	NA	NA	4.423	9.13	8.79	9.65	7.9	6.114	NA	6.223	NA	3.678	5.196
"204"	1.83	7.29	NA	NA	6.13	5.25	1.41	2.459	7.76	NA	NA	5.18	8.8	5.6	7.17	5.833	5.187	NA	3.562	NA	3.617	7.4
"205"	0.58	5.86	NA	NA	6.66	2.89	3.08	4.298	6.559	NA	NA	4.661	8.09	5.264	7.49	4.002	2.369	NA	4.012	NA	2.677	8.73
"206"	1.55	5.54	NA	NA	5.46	3.3	5.44	5.994	3.764	NA	NA	3.553	7.36	8.04	7.34	4.784	2.875	NA	3.604	NA	3.84	7.18
"207"	4.87	5.23	NA	NA	4.51	5.5	8.78	4.218	2.167	NA	NA	2.135	6.119	6.463	7.77	6.318	3.586	NA	3.01	NA	2.629	7.04
"208"	4.35	5.11	NA	NA	2.84	7.07	6.14	6.29	3.467	NA	NA	2.339	7.22	5.701	5.778	7.95	1.743	NA	2.138	NA	5.048	8.5
"209"	3.19	6.37	NA	NA	1.55	5.65	5.2	6.313	3.446	NA	NA	2.43	5.437	4.103	5.735	6.304	1.604	NA	3.595	NA	5.884	6.565
"210"	2.01	1.14	NA	NA	2.78	4.17	8.45	7.24	5.939	NA	NA	3.851	3.609	3.405	10.46	7.5	2.207	NA	0.265	NA	4.674	7.44
"211"	5.04	1.47	NA	NA	2.28	3.75	4.26	7.25	7.14	NA	NA	7.18	3.728	5.024	9.9	6.952	5.939	NA	1.255	NA	5.568	5.932
"212"	4.14	4.12	NA	NA	5.1	6.85	3.6	8.21	5.037	NA	NA	6.337	4.248	8.7	8.35	4.812	5.664	4.107	3.217	5.677	7.13	2.826
"213"	4.25	4.41	NA	NA	6.72	6.81	3.86	6.244	6.55	NA	NA	5.369	4.659	8.61	6.963	3.761	3.724	5.471	3.066	6.169	7.75	5.086
"214"	2.78	4.57	NA	NA	8.89	4.31	4.27	7.77	6.123	NA	NA	4.213	2.769	6.871	7.51	3.684	4.957	5.222	2.038	5.49	8.35	5.678
"215"	2.21	3.92	NA	NA	6.36	4.66	4.821	4.028	6.26	NA	NA	2.884	3.036	6.424	6.036	3.274	7.18	4.62	2.409	7.451	6.623	6.412
"216"	2.2	4.99	NA	NA	5.17	4.53	3.153	3.332	6.569	NA	NA	2.832	1.894	5.575	4.89	3.312	5.287	6.875	2.999	7.47	5.488	5.383
"217"	2.69	4.52	NA	NA	6.53	7.15	2.102	2.371	4.907	NA	NA	0.341	4.771	5.63	4.556	5.866	3.961	4.324	2.694	5.804	5.511	8.19
"218"	2.52	4.73	NA	NA	4.57	6.11	1.951	3.451	6.07	NA	NA	2.197	6.061	6.763	4.806	11.88	1.892	3.237	2.418	4.883	4.897	10.37
"219"	1.99	3.53	NA	NA	7.06	3.83	3.526	2.565	2.809	NA	NA	3.149	6.849	6.205	3.898	3.877	1.417	4.332	4.624	8.71	5.069	8.23
"220"	0.94	2.88	NA	NA	7.21	3.86	8.24	3.097	4.977	NA	NA	3.862	4.924	7.73	5.013	5.464	3.2	5.717	5.078	7.73	4.378	6.571
"221"	0.5	3.12	NA	NA	7.33	4.05	4.356	0.6	5.533	NA	NA	4.566	3.008	6.357	3.917	6.61	3.167	4.364	3.766	6.497	5.259	4.403
"222"	-1.72	0.83	NA	NA	5.21	4.09	6.056	1.933	4.346	NA	NA	4.484	1.8	8.68	3.276	5.605	1.683	6.961	3.938	7.23	8.02	6.193
"223"	-0.08	3.92	NA	NA	5.67	3.39	4.22	2.47	1.902	NA	NA	3.327	1.401	8.28	4.507	3.862	1.761	2.839	3.303	7.7	6.796	8.61
"224"	0.25	3.57	NA	NA	3.44	3.46	5.511	1.614	2.635	NA	NA	6.538	1.65	5.376	2.296	4.015	4.249	1.385	4.839	8.08	6.442	8.77
"225"	2.41	2.46	NA	NA	2.54	2.81	1.849	1.622	3.587	NA	NA	6.903	1.056	4.309	-0.28	3.258	0.458	2.763	2.822	5.789	9.54	7.01
"226"	2.86	3.37	NA	NA	4.86	4.33	1.352	2.715	4.753	NA	NA	3.705	2.598	2.254	0.923	2.675	2.518	2.142	4.472	4.819	6.672	8.82
"227"	1.88	4.38	NA	NA	4.05	3.92	1.703	4.205	4.098	NA	NA	4.712	1.058	2.936	0.848	3.12	5.279	2.865	2.371	3.638	4.539	8.89
"228"	2.07	4.61	NA	NA	2.45	3.4	1.732	3.184	4.24	NA	NA	2.997	1.39	3.833	2.017	4.581	6.58	4.258	3.661	2.697	4.867	6.992
"229"	1.94	3.9	NA	NA	1.74	1.96	1.804	3.678	3.612	NA	NA	1.962	1.26	3.1	2.023	3.094	4.827	2.149	3.21	1.756	4.698	8.01
"230"	1.88	3.27	NA	NA	2.21	2.25	1.542	3.856	2.624	NA	NA	3.413	5.131	5.545	2.242	0.666	3.948	3.766	4.145	1.381	4.733	7.25
"231"	4.02	3.57	NA	NA	4.62	2.32	0.643	4.235	3.742	NA	NA	0.141	2.976	3.343	3.409	2.21	3.191	3.047	4.66	1.701	4.981	6.051
"232"	2.23	4.9	NA	NA	3.52	4.13	0.326	3.331	1.673	NA	NA	0.374	4.85	3.424	1.616	4	1.594	3.398	4.032	4.187	3.206	5.875
"233"	2.65	1.47	NA	NA	1.63	2.76	-0.821	2.843	2.455	NA	NA	-0.892	4.163	2.657	1.427	2.541	1.24	2.623	3.281	2.496	3.848	5.336
"234"	2.77	2.76	NA	NA	1.38	2.31	0.5	2.01	2.319	NA	NA	-1.196	3.496	0.505	2.129	1.241	1.232	1.568	3.778	4.039	5.354	4.38
"235"	3.96	0.98	NA	NA	2.64	2.03	0.61	0.499	3.661	NA	NA	-1.415	3.805	-0.964	1.012	1.19	2.536	3.374	1.609	5.271	5.391	4.375
"236"	4.24	1.09	NA	NA	2.1	1.36	0.546	1.322	1.35	NA	NA	-0.418	4.078	-1.458	2.803	1.348	1.308	2.075	2.066	2.991	0.616	4.502
"237"	4.36	0.11	NA	NA	0.91	-0.21	-0.016	-0.078	0.891	NA	NA	-1.651	2.953	-0.448	6.031	2.436	1.324	1.386	2.612	2.53	0.582	5.729
"238"	6.9	-1.52	NA	NA	-0.31	-0.51	0.156	-0.005	3.239	NA	NA	-4.539	2.063	0.529	1.221	2.884	0.945	1.777	1.863	2.275	0.118	4.865
"239"	5.39	-1.51	NA	NA	0.43	-1.11	1.24	2.819	1.218	NA	NA	-4.637	1.861	0.178	-0.74	1.702	-0.107	2.543	2.775	1.508	1.117	5.514
"240"	1.71	-0.2	NA	NA	1.32	1.35	2.452	1.232	2.516	NA	NA	-3.348	1.049	-0.297	-2.308	1.919	-0.411	2.08	2.701	0.712	1.162	4.526
"241"	-0.2	3.49	NA	NA	1.91	2.58	1.109	0.382	1.956	NA	NA	-3.922	-0.036	-1.029	-2.953	0.048	-0.936	1.785	1.617	-0.15	1.306	3.691
"242"	-0.53	0.73	NA	NA	1.93	1.22	0.908	0.431	2.234	NA	NA	-4.966	1.496	-1.766	-0.665	0.581	1.156	2.931	0.994	0.338	0.941	2.135
"243"	-2.01	0.14	NA	NA	1.03	0.95	-1.12	-0.221	1.856	NA	NA	-4.349	0.97	-3.321	0.2	0.316	1.566	2.166	0.725	-0.047	0.747	1.42
"244"	-3.57	1.36	NA	NA	0.57	0.04	-3.257	-1.318	-0.339	NA	NA	-4.398	1.14	-4.273	0.522	0.03	3.346	4.519	0.545	-1.001	2.323	1.481
"245"	-2.74	-0.34	NA	NA	0.25	3.2	-4.221	-0.063	-2.364	NA	NA	-0.872	0.913	-4.272	-1.02	0.447	0.776	5.313	0.394	1.535	-0.67	1.268
"246"	-3.75	-0.63	NA	NA	-0.67	1.69	-3.816	-0.284	-1.918	NA	NA	-1.418	0.186	-3.643	-0.966	-1.718	-0.226	2.953	1.518	0.343	-1.44	2.876
"247"	-4.41	-4.91	NA	NA	-1.71	0.58	-2.992	0.083	-1.735	NA	NA	-0.766	-0.41	-2.97	-0.313	-0.233	-0.036	2.043	1.163	1.329	-0.414	0.841
"248"	-5.33	-4.86	NA	NA	-3.09	-0.23	-2.352	-0.346	-2.728	NA	NA	-2.794	-0.496	-4.43	-1.601	0.046	-0.603	0.533	0.586	5.866	0.507	-0.885
"249"	-4.31	-6.53	NA	NA	-4.14	-1.45	-2.144	-2.367	-2.967	NA	NA	-3.934	-0.345	-4.335	-1.652	1.683	-1.055	-0.811	-0.209	1.376	-0.441	-2.153
"250"	-3.28	-4.98	NA	NA	-3.61	-1.52	-3.455	-1.063	-2.948	NA	NA	-4.066	-0.806	-5.66	-1.324	0.23	-1.361	-1.079	-1.765	-0.671	0.051	-1.32
"251"	-4.86	-5.3	NA	NA	-3.14	-0.96	-4.16	-2.378	-1.206	NA	NA	-5.925	-2.558	-6.619	-2.37	-0.304	-2.134	-0.654	-3.015	-1.782	-1.375	-0.771
"252"	-6.53	-5.11	NA	NA	-3.86	-2.03	-5.702	-1.583	-0.983	NA	NA	-7.38	-3.125	-6.908	-4.438	-1.524	-3.353	-1.368	-3.497	-1.046	0.232	-2.072
"253"	-4.93	-1.73	NA	NA	-3.26	-2.88	-3.448	-2.748	-0.469	NA	NA	-8.49	-1.258	-5.178	-6.575	-1.983	-3.229	-3.005	-2.657	-3.796	-0.349	-2.444
"254"	-6.05	-4.16	NA	NA	-3.06	-1.97	-4.995	-3.99	-3.759	NA	NA	-6.971	-1.059	-3.052	-7.87	-3.088	-4.604	-1.792	-2.122	-3.736	-1.315	-1.993
"255"	-4.8	-4.93	NA	NA	-3.77	-2.37	-5.723	-5.418	-4.381	NA	NA	-5.462	-2.586	-3.418	-7.27	-3.322	-4.705	-2.254	-1.892	-3.062	-1.563	-0.856
"256"	-4.42	-6.59	NA	NA	-3.77	-2.27	-6.187	-5.22	-5.146	NA	NA	-5.809	-1.507	-4.925	-4.427	-2.85	-3.033	-2.179	-1.743	-2.865	-1.308	-1.868
"257"	-3.65	-5.49	NA	NA	-5.04	-3.83	-5.536	-5.311	-4.193	NA	NA	-4.008	-1.778	-7.25	-4.895	-4.586	-1.854	-1.177	-4.479	-2.315	-1.884	-3.988
"258"	-3.57	-1.02	NA	NA	-4.98	-4.06	-5.761	-5.727	-5.417	NA	NA	-10.3	-1.626	-4.307	-4.706	-5.438	-1.849	-2.46	-3.453	-2.606	-4.386	-2.407
"259"	-5.22	-1.6	NA	NA	-5.76	-3.54	-4.411	-6.543	-6.636	NA	NA	-11.51	-1.988	-4.448	-6.233	-5.434	-2.445	-3.694	-3.635	-3.108	-2.614	-2.994
"260"	-6.57	-5	NA	NA	-6.66	-4.95	-4.652	-7.4	-6.832	NA	NA	-6.096	-4.385	-5.902	-7.73	-8.21	-3.268	-5.403	-4.94	-3.426	-2.325	-3.859
"261"	-8.7	-6.52	NA	NA	-7.49	-5.45	-6.163	-6.62	-6.766	NA	NA	-6.987	-4.185	-6.176	-6.537	-7.42	-2.531	-4.929	-4.827	-2.741	-0.928	-4.825
"262"	-6.49	-6.42	NA	NA	-7.63	-5.93	-8.96	-5.881	-11.56	NA	NA	-9.72	-4.853	-7.6	-4.37	-7.43	-2.12	-2.35	-4.872	-1.936	2.293	-7.46
"263"	-4.2	-7.78	NA	NA	-8.11	-7.37	-9	-6.74	-10.26	NA	NA	-10.54	-6.5	-7.43	-4.736	-8.98	-1.978	-2.539	-5.625	-3.01	-0.532	-5.064
"264"	-6.54	-7.04	NA	NA	-7.51	-8.91	-9.27	-6.469	-2.485	NA	NA	-11.03	-7.03	-9.32	-7.92	-9.59	-2.016	-3.757	-8.13	-3.707	-1.75	-4.262
"265"	-11	-7.37	NA	NA	-6.91	-8.41	-8.96	-8.82	-3.539	NA	NA	-10.7	-5.816	-7.04	-9.82	-10.61	-2.428	-5.116	-9.45	-3.552	1.452	-4.176
"266"	-11.6	-6.07	NA	NA	-4.81	-9.66	-7.26	-9.12	-5.98	NA	NA	-11.26	-6.259	-5.881	-8.54	-10.21	-1.722	-3.629	-9.79	-7	-2.702	-5.05
"267"	-9.95	-7.62	NA	NA	-4.49	-10.69	-7.18	-9.88	-7.44	NA	NA	-11.76	-5.515	-6.06	-9.34	-10.22	-5.114	-4.614	-8.25	-8.5	-2.952	-5.306
"268"	-8.44	-10.9	NA	NA	-8.31	-11.46	-6.722	-10.22	-6.232	NA	NA	-14.77	-4.476	-6.186	-8.78	-10.33	-5.192	-6.91	-6.177	-9.48	-4.022	-8.52
"269"	-10	-11.8	NA	NA	-6.74	-9.45	-6.179	-12.16	-5.501	NA	NA	-14.34	-2.158	-5.235	-8.55	-11.66	-5.327	-7.12	-6.802	-9.71	-3.125	-7.97
"270"	-8.26	-13.1	NA	NA	-6.86	-8.71	-7.76	-11.55	-5.129	NA	NA	-14.28	1.599	-4.731	-8.31	-8.22	-7.62	-7.08	-6.76	-10.07	-4.102	-6.683
"271"	-11.2	-14.6	NA	NA	-6.76	-11.48	-7.79	-11.54	-5.621	NA	NA	-12.21	-3.236	-4.98	-8.49	-7.58	-8.32	-7.91	-7.22	-10.62	-6.746	-7.56
"272"	-13.8	-15.5	NA	NA	-7.1	-12.57	-8.19	-14.18	-6.079	NA	NA	-12.39	-5.765	-7.9	-8.9	-6.856	-9.75	-7.12	-7.26	-10.95	-7.72	-7.27
"273"	-18.9	-15.2	NA	NA	-10.7	-13.56	-6.314	-14.31	-8.44	NA	NA	-10.56	-5.826	-10.88	-8.68	-6.19	-9.72	-6.389	-10.27	-11.7	-8.77	-8.67
"274"	-17.4	-15.2	NA	NA	-13.7	-9.46	-5.957	-15.12	-9.22	NA	NA	-11.93	-5.143	-11.51	-8.2	-7.88	-12.95	-7.88	-12.23	-10.16	-9.87	-9.32
"275"	-16.9	-15.1	NA	NA	-14.2	-13.2	-5.185	-14.64	-9.74	NA	NA	-13.21	-8.38	-9.99	-10.54	-9.98	-16.31	-9.43	-11.5	-10.77	-10.7	-8.09
"276"	-17.7	-11	NA	NA	-15.7	-14.73	-6.921	-14.35	-12.1	NA	NA	-12.47	-10.84	-11.07	-10.64	-9.93	-16.78	-9.63	-10.89	-12.46	-10.12	-9.07
"277"	-16.9	-12.1	NA	NA	-16.6	-15.37	-9.13	-14.38	-13.05	NA	NA	-14.65	-10.14	-15.57	-11.86	-7.39	-12.17	-11.12	-10.6	-15.6	-11.12	-10.9
"278"	-17.4	-8.87	NA	NA	-15.2	-15.31	-10.73	-8.05	-16.07	NA	NA	-14.88	-10.28	-15.65	-14.25	-7.58	-10.84	-14.5	-7.61	-17.14	-9.96	-10.36
"279"	-18.8	-8.21	NA	NA	-15.9	-16.18	-14.6	-6.312	-15.24	NA	NA	-17.05	-12.44	-13.77	-14.24	-7.58	-14.55	-12.3	-6.66	-16.72	-8.7	-10.9
"280"	-19.4	-9.34	NA	NA	-16.2	-16.01	-14.24	-6.671	-16.71	NA	NA	-16.33	-12.1	-11.53	-16.45	-7.35	-12.79	-10.89	-6.381	-18.49	-12.04	-12.78
"281"	-19.5	-13.8	NA	NA	-18.2	-14.32	-15.44	-10.53	-10.48	NA	NA	-15.95	-12.05	-15.2	-17.12	-11.79	-12.28	-11.5	-6.765	-18.63	-11.84	-10.78
"282"	-21.1	-16.4	NA	NA	-20	-10.79	-12.85	-14.99	-12.65	NA	NA	-13.96	-9.49	-15.68	-16.01	-14.53	-9.8	-15.25	-8.58	-17.6	-15.6	-11.61
"283"	-22.5	-16.3	NA	NA	-19.1	-10.37	-12.69	-11.44	-13.63	NA	NA	-14.77	-10.56	-16.83	-18.94	-16.16	-10.58	-15.13	-9.83	-17.06	-12.79	-10.4
"284"	-23.2	-15.9	NA	NA	-13.8	-11.7	-17.92	-12.78	-16	NA	NA	-16.58	-14.46	-14.48	-17.02	-13.62	-16.57	-14.16	-12.56	-11.55	-9.42	-10.12
"285"	-23.3	-13	NA	NA	-9.54	-14	-19.71	-11.33	-16.46	NA	NA	-15.84	-15.22	-12.51	-15.48	-13.56	-15.84	-14.62	-10.5	-11.15	-14.23	-16.15
"286"	-22.7	-11	NA	NA	-18.9	-16.79	-11.89	-14.43	-16.45	NA	NA	-18.45	-14.11	-15.71	-12.67	-15.91	-8.66	-14.6	-13.77	-14.04	-14.31	-16.7
"287"	-19.5	-13.2	NA	NA	-24.5	-18.35	-7.88	-13	-16.23	NA	NA	-19.99	-18.18	-18.4	-13.79	-15.49	-3.32	-12.4	-13.99	-10.87	-11.83	-14
"288"	-13.9	-15.8	NA	NA	-21.5	-18.34	-10.46	-8.01	-16.02	NA	NA	-13.24	-17.56	-19.36	-15.78	-17.36	-2.725	-14.81	-14.55	-12.24	-9.65	-14.26
"289"	-15.9	-18	NA	NA	-19.4	-20.06	-9.29	-8.5	-13.65	NA	NA	-11.26	-16.1	-17.87	-13.36	-18.68	-4.267	-13.64	-10.57	-16.79	-7.28	-14.45
"290"	-19.5	-16.9	NA	NA	-22.1	-15.91	-9.59	-10.09	-14.75	NA	NA	-13.24	-19.02	-23.3	-11.73	-15.81	-9.4	-9.81	-11.72	-14.55	-3.767	-16.45
"291"	-20.4	-12.1	NA	NA	-22.5	-12.41	-9.42	-8.9	-14.71	NA	NA	-17.1	-17.03	-23.28	-11.35	-12.02	-12.1	-7.14	-12.66	-13.31	-0.651	-13.5
"292"	-20.1	-14.3	NA	NA	-23.8	-12.81	-12.99	-9.22	-15.69	NA	NA	-17.86	-13.93	-23.42	-11	-14.72	-13.71	-7.57	-9.78	-10.1	-3.75	-7
"293"	-20.7	-15.4	NA	NA	-25.2	-15.06	-16.28	-11.94	-17.57	NA	NA	-15.16	-12.07	-20.85	-12.3	-18.57	-16.45	-7.89	-7.4	-7.47	-9.36	-10.75
"294"	-21.7	-15.9	NA	NA	-22.6	-16.19	-15.22	-14.79	-14.89	NA	NA	-17.16	-15.21	-17.15	-11.85	-21.39	-17.15	-6.186	-6.106	-8.26	-9.83	-14.69
"295"	-23.9	-16.2	NA	NA	-18.2	-17.12	-17.61	-18.51	-15.39	NA	NA	-19.82	-13.43	-21.8	-11.32	-22.3	-17.78	-3.055	-2.694	-8.39	-13.64	-16.71
"296"	-22.4	-20.4	NA	NA	-17.8	-19.93	-17.1	-18.69	-19.7	NA	NA	-22.51	-17.55	-23.04	-11.2	-22.47	-17.91	-5.228	-4.856	-13.02	-12.16	-16.23
"297"	-23.7	-21.3	NA	NA	-18	-21.44	-13.39	-17.54	-22.6	NA	NA	-23.32	-18.38	-22.68	-13.2	-23	-10.05	-8.58	-8.15	-18.1	-11.84	-14.49
"298"	-21.6	-23.8	NA	NA	-21.4	-13.05	-13.03	-16.54	-25.07	NA	NA	-22.69	-15.83	-21.49	-15.55	-23.78	-11.63	-10.64	-11.55	-15.27	-11.8	-11.18
"299"	-22.6	-23.2	NA	NA	-24.9	-19.59	-17.42	-20.3	-22.19	NA	NA	-22.15	-16.07	-22.15	-19.16	-24.8	-10.49	-13.57	-11.13	-14.94	-8.53	-13.56
"300"	-23	-23.6	NA	NA	-26.5	-23.12	-18.98	-20.81	-21.89	NA	NA	-21.38	-21.28	-24.52	-20.29	-24.62	-8.46	-18.68	-11.3	-12.28	-8.7	-14.59
"301"	-22.6	-23.4	NA	NA	-27.3	-22.81	-17.75	-20.99	-19.02	NA	NA	-24.72	-23.25	-22.29	-21.89	-22.43	-7.92	-20.43	-13.12	-15.03	-12.15	-14.06
"302"	-22.4	-22.6	NA	NA	-27	-19.24	-21.78	-22.01	-17.06	NA	NA	-24.15	-23.88	-24.5	-21.35	-24.64	-12.35	-20.8	-13.52	-16.63	-10.82	-15.68
"303"	-24.5	-19.9	NA	NA	-23.7	-24.57	-23.87	-22.73	-18.88	NA	NA	-24.48	-19.37	-27.5	-23.61	-24.56	-19.1	-20.76	-15.27	-18.64	-9.3	-18.78
"304"	-25.5	-21	NA	NA	-20	-19.72	-21.09	-27.41	-23.48	NA	NA	-23.92	-15.55	-28.36	-24.4	-25.67	-21.22	-22.16	-14.69	-21.16	-10.89	-18.74
"305"	-26.6	-24.4	NA	NA	-21.7	-18.6	-17.42	-29.64	-22.59	NA	NA	-21.01	-12.87	-27.87	-25.13	-25.71	-21.25	-21.44	-16.13	-22.69	-10.42	-17.59
"306"	-25.1	-26.2	NA	NA	-25	-20.57	-18.96	-28.64	-21.7	NA	NA	-20.29	-16.19	-28.27	-22.2	-23.04	-18.07	-21.14	-20.45	-22.17	-18.13	-18.32
"307"	-21	-27.1	NA	NA	-25.3	-22.46	-23.5	-23.46	-23.06	NA	NA	-22.71	-18.19	-25.26	-20.08	-24.21	-17.71	-22.2	-25.04	-25.36	-22.38	-20.56
"308"	-22.5	-24.2	NA	NA	-26.3	-22.9	-18.84	-24.9	-21.9	NA	NA	-19.58	-11.05	-23.44	-21.03	-20.76	-16.92	-24.14	-26.36	-27.86	-23.44	-24.41
"309"	-23.5	-20.5	NA	NA	-24.9	-21.16	-24.63	-23.87	-18.17	NA	NA	-17.88	-14.55	-25.28	-23.6	-20.77	-18.17	-27.02	-27.58	-29.2	-25.42	-24.64
"310"	-22.9	-18.8	NA	NA	-22.2	-22.13	-26.46	-22.91	-19.89	NA	NA	-18.15	-15.7	-23.62	-21.84	-20.01	-20.63	-27.21	-28.46	-26.33	-24.87	-25.96
"311"	-18.8	-17.8	NA	NA	-21.3	-20.02	-21.28	-23.45	-11.23	NA	NA	-23.93	-22.27	-26.13	-17.58	-20	-21.81	-23.96	-26.92	-27.06	-23.59	-23.33
"312"	-18.9	-18	NA	NA	-20.9	-18.33	-17.35	-26.14	-13.58	NA	NA	-23.69	-19.18	-25.65	-16.78	-20.84	-20.52	-25.86	-27.03	-28.68	-21.87	-20.53
"313"	-19.1	-19.3	NA	NA	-18.9	-21.01	-24.22	-27.73	-13.01	NA	NA	-27.75	-16.62	-24.36	-20.02	-19.19	-18.95	-19.05	-25.38	-27.01	-24.78	-24.12
"314"	-18.2	-17.9	NA	NA	-21.3	-20.05	-23.31	-27.39	-18.54	NA	NA	-28.65	-18.53	-23.08	-22.58	-18.62	-20.96	-19.72	-22.79	-27.37	-24.34	-22.34
"315"	-18.5	-22.3	NA	NA	-28.4	-19.87	-25.71	-28.06	-20.77	NA	NA	-29.6	-18.43	-20.47	-20.66	-24.2	-20.88	-20.53	-22.96	-27.8	-21.07	-18.35
"316"	-22.2	-24.9	NA	NA	-30	-19.34	-24.78	-27.31	-17.5	NA	NA	-26.58	-19.64	-15.92	-15	-23.9	-21.09	-21.75	-23.01	-24.51	-18.91	-20.14
"317"	-20.7	-21.6	NA	NA	-29.5	-13.31	-22.53	-27.01	-18.3	NA	NA	-18.21	-14.47	-17.37	-17.24	-21.69	-21.84	-20.94	-26.29	-22.08	-16.06	-19.43
"318"	-23.7	-18.2	NA	NA	-31.4	-11.54	-19.66	-28.22	-15.58	NA	NA	-17.73	-16.08	-19.1	-22.13	-19.6	-21.3	-17.82	-27.56	-21.01	-17.6	-15.99
"319"	-25.3	-18.8	NA	NA	-32.3	-8.35	-21.6	-29.31	-16.84	NA	NA	-20.26	-19.39	-21.68	-23.91	-21.73	-23.07	-16.09	-25.92	-24.52	-18.78	-21.7
"320"	-25	-21	NA	NA	-32.7	-17.56	-20.65	-29.99	-20.01	NA	NA	-23.99	-19.6	-22.02	-26.83	-25.03	-23.2	-15.07	-22.94	-25.92	-21.32	-27.72
"321"	-24.2	-26.1	NA	NA	-32.6	-23.32	-22.27	-31.16	-23.31	NA	NA	-24.5	-18.65	-22.27	-25.05	-26.84	-22.7	-17.16	-22.87	-23.35	-23.37	-28.33
"322"	-25.8	-27.5	NA	NA	-28.3	-18.27	-26.39	-31.02	-21.22	NA	NA	-19.35	-14.68	-20.37	-24.65	-27.67	-21.02	-17.81	-19.32	-17.61	-23.65	-25.39
"323"	-21.9	-28.6	NA	NA	-26.3	-17.86	-25.86	-30.66	-21.98	NA	NA	-18.02	-19.34	-20.12	-25.34	-22.58	-23.02	-18.43	-18.35	-13.37	-16.74	-18.46
"324"	-22.8	-27.4	NA	NA	-26.1	-22.28	-26.15	-31.09	-24.85	NA	NA	-22.67	-19.61	-22.5	-25.99	-24.49	-23.2	-19.92	-16.66	-13.4	-17.47	-12.85
"325"	-24.5	-28.7	NA	NA	-27.5	-22.13	-27.63	-28.46	-25.55	NA	NA	-22.23	-20.21	-19.09	-25.31	-28.5	-23.74	-22.56	-10.11	-15.94	-20.37	-16.38
"326"	-22.8	-28.7	NA	NA	-29.1	-24.82	-29.77	-29.47	-29.69	NA	NA	-23.38	-23.68	-16.78	-25.02	-25.66	-22.15	-21.94	-14.62	-14.7	-20.67	-17.46
"327"	-26.6	-26	NA	NA	-29.6	-25.67	-28.78	-29.86	-30.22	NA	NA	-25.99	-24.9	-20.8	-19.54	-23.23	-22.52	-23.23	-24.19	-17.08	-21.48	-15.1
"328"	-28.1	-24	NA	NA	-30.3	-27.52	-28.01	-28.22	-32.81	NA	NA	-27.05	-19.02	-19.44	-19.54	-27.36	-24.77	-22.8	-20.35	-17.4	-19.99	-17.51
"329"	-29	-23.6	NA	NA	-32.4	-27.09	-28.23	-26.46	-33.41	NA	NA	-29.44	-18.22	-24.29	-19.87	-29.49	-28.63	-18.58	-18.69	-17.35	-20.17	-20.53
"330"	-28.2	-30	NA	NA	-32.3	-27.27	-28.11	-29.48	-34.54	NA	NA	-25.58	-16.28	-27.24	-19.02	-27.31	-31.21	-21.19	-21.49	-17.14	-20.81	-15.77
"331"	-30.6	-30.7	NA	NA	-32.2	-30.55	-29.65	-26.13	-33.31	NA	NA	-19.57	-16.37	-28.76	-23.32	-22.86	-31.96	-22.57	-18.45	-14.93	-24.36	-14.91
"332"	-32.9	-28.2	NA	NA	-30.1	-28.31	-30.15	-29.87	-32.85	NA	NA	-20.52	-19.2	-30.1	-22.72	-21.76	-29.47	-22.48	-18.26	-14.19	-26.81	-16.81
"333"	-32.2	-30	NA	NA	-21.5	-22.65	-29.59	-24.51	-31.44	NA	NA	-21.11	-20.68	-30.85	-24.36	-15.76	-27.15	-23.02	-20.23	-15.8	-27.02	-18.65
"334"	-29.8	-27.7	NA	NA	-25.8	-18.83	-28.81	-28.04	-30.78	NA	NA	-17.65	-24.23	-30.42	-25.7	-16.11	-25.31	-23.69	-25.79	-21.2	-27.37	-18.06
"335"	-28.3	-23.9	NA	NA	-30.3	-22.08	-29.4	-26.25	-30.69	NA	NA	-22.5	-24.92	-30.63	-23.72	-20.71	-23.95	-26.21	-28.78	-19.48	-28.17	-14.17
"336"	-27.1	-25.1	NA	NA	-32	-26.76	-28.53	-26.68	-30.81	NA	NA	-28.02	-26.97	-31.59	-21.53	-23.69	-28.27	-26.02	-31.5	-20.8	-27.52	-17.94
"337"	-23	-27.4	NA	NA	-32.7	-30.67	-26.92	-28.5	-31.18	NA	NA	-18.7	-26.62	-31.57	-21.26	-25.45	-29.15	-26.14	-27.96	-20.55	-26.62	-5.342
"338"	-21.7	-26.8	NA	NA	-33.5	-27.19	-29.14	-28.36	-33.22	NA	NA	-15.9	-26.04	-32.04	-23.18	-26.07	-31.98	-15.73	-29.47	-22.72	-25.72	-8.13
"339"	-25.1	-23.2	NA	NA	-33.5	-27.97	-29.71	-29.04	-29.77	NA	NA	-23.72	-25.27	-33.58	-29.84	-17.45	-30.8	-10.89	-28.11	-24.63	-25.51	-16.12
"340"	-24.2	-23.2	NA	NA	-19.3	-28.21	-27.03	-28.46	-27.57	NA	NA	-28.45	-22.72	-33.34	-32.8	-14.77	-24.73	-17.43	-28.57	-28.15	-25.19	-19.11
"341"	-25.9	-21.6	NA	NA	-13.7	-29.99	-26.58	-30.09	-33.07	NA	NA	-27.26	-25.02	-33.2	-29.17	-16.71	-15.55	-21.99	-29.89	-29.67	-26.09	-17.64
"342"	-27.7	-21.3	NA	NA	-12.6	-29.76	-27.12	-30.98	-33.84	NA	NA	-29.01	-25.64	-34.64	-28.51	-19.02	-17.09	-26.45	-30.02	-29.11	-24.66	-20.37
"343"	-27.8	-21.1	NA	NA	-21.6	-26.55	-26.77	-28.94	-34.39	NA	NA	-29.72	-25.76	-34.03	-28.53	-22.64	-17.22	-26.37	-32.69	-27.79	-23.12	-22.68
"344"	-29.4	-20.6	NA	NA	-30.9	-24.76	-28.42	-29.12	-35.06	NA	NA	-29.66	-27.02	-34	-25.88	-26.65	-14.58	-26.7	-32.13	-25.09	-25.54	-23.62
"345"	-29.1	-20.8	NA	NA	-33.3	-28.61	-30.83	-29.6	-33.11	NA	NA	-31.75	-22.05	-33.72	-24	-23.79	-14.3	-28.15	-28.67	-19.57	-28.09	-24.14
"346"	-24.1	-21.6	NA	NA	-31.4	-27.99	-29.99	-30.61	-29.36	NA	NA	-32.31	-20.21	-34.75	-25.63	-27.5	-14.33	-27.97	-27.03	-18.17	-28.67	-22.28
"347"	-23.9	-21.8	NA	NA	-30	-28.96	-27.72	-30.46	-24.73	NA	NA	-30.81	-25.02	-34.21	-23.19	-25.71	-14.57	-27.45	-27.58	-22.52	-26.1	-19.96
"348"	-18.8	-25.4	NA	NA	-29.6	-28.79	-25.87	-30.23	-25	NA	NA	-27.75	-27.71	-33.23	-23.87	-24.28	-19.56	-26.2	-29.39	-27.29	-25.46	-22.54
"349"	-13	-27.1	NA	NA	-29.3	-32.67	-26.22	-28.73	-31.38	NA	NA	-28.17	-25.72	-33.82	-21.32	-28.39	-14.83	-25.34	-28.9	-28.95	-26.13	-27.11
"350"	-16.9	-28	NA	NA	-26.1	-34.54	-27.25	-30.93	-31.8	NA	NA	-28.88	-24.94	-34.43	-19.78	-29.66	-8.59	-26.76	-28.73	-28.89	-24.67	-26.73
"351"	-18.3	-28.6	NA	NA	-28.2	-32.69	-26.33	-32.32	-30.78	NA	NA	-28.78	-24.07	-32.37	-22.04	-31.37	-13.73	-25.79	-30.05	-29.52	-26.12	-27.56
"352"	-21.5	-32	NA	NA	-30.8	-31.55	-25.99	-33.18	-30.6	NA	NA	-22.5	-18.87	-25.93	-21.82	-26.2	-18.16	-25.36	-30.81	-25.68	-22.4	-26.9
"353"	-25.1	-33.4	NA	NA	-32.9	-31.41	-26.82	-34.54	-29.38	NA	NA	-21.77	-24.65	-28.29	-19.76	-25.23	-24.48	-23.72	-34.06	-25.3	-27.17	-27.18
"354"	-26.1	-35.9	NA	NA	-33.4	-34.83	-28.43	-33.26	-30.16	NA	NA	-22.69	-25.72	-30.47	-25.61	-20	-29.37	-13.88	-32.05	-26.35	-26.08	-28.26
"355"	-23.2	-34.6	NA	NA	-34.8	-33.71	-24.75	-30.96	-29.65	NA	NA	-25.27	-21.23	-26.94	-24.16	-14.32	-25.94	-11.15	-32.38	-27.79	-24.45	-27.18
"356"	-19.1	-34.6	NA	NA	-33.6	-34.51	-26.6	-29.39	-26.97	NA	NA	-24.12	-21.35	-32.5	-29.1	-15.31	-24.88	-12.94	-30.54	-25.96	-25.43	-27.58
"357"	-21.3	-35.4	NA	NA	-33.2	-34.22	-29.13	-34.53	-30.01	NA	NA	-27.94	-24.05	-33.51	-29.75	-19.12	-27.79	-14.22	-20.64	-25.32	-27.83	-30.92
"358"	-28.3	-35.9	NA	NA	-29.5	-30.74	-25.92	-34.81	-31.33	NA	NA	-27.21	-23.42	-35.47	-30.08	-21.19	-29.49	-16.5	-27.66	-21.26	-29.53	-29.19
"359"	-30.7	-35.4	NA	NA	-32.8	-30.59	-27.39	-33.77	-33	NA	NA	-26.65	-19.27	-34.71	-30.57	-21.8	-29.71	-12.85	-30.79	-22.96	-28.61	-27.15
"360"	-28.9	-32	NA	NA	-29.9	-28.29	-29.51	-32.16	-31.19	NA	NA	-27.52	-21.61	-32.68	-23.37	-24.91	-24.99	-15.73	-29.17	-26.21	-26.81	-24.68
"361"	-30.2	-31.2	NA	NA	-29.2	-30.13	-30.37	-30.05	-27.54	NA	NA	-26.22	-21.1	-33.99	-22.7	-30.51	-24.17	-23.6	-26.77	-23.05	-27.77	-25.17
"362"	-32	-32.7	NA	NA	-25.1	-29.33	-21.12	-30.07	-31.24	NA	NA	-25.22	-21.36	-34.54	-29.61	-31.4	-22.56	-24.43	-30.39	-25.96	-25.98	-30.04
"363"	-30.8	-31	NA	NA	-25.6	-32.32	-25.09	-23.94	-33.22	NA	NA	-29.95	-25.08	-34.96	-26.44	-29.24	-22.23	-23.85	-26.02	-27.96	-27.47	-29.38
"364"	-27.1	-33	NA	NA	-17.1	-33.4	-20.81	-21.61	-32.8	NA	NA	-30.22	-23.72	-34.27	-24.23	-26.05	-18.26	-24.92	-18.42	-30.44	-27.81	-30.56
"365"	-24.5	-34.9	NA	NA	-9.5	-31.2	-18.37	-21.96	-32.37	NA	NA	-28.08	-22.16	-25.42	-25.13	-22.63	-24.92	-27.17	-18.5	-31.46	-29.83	-32.47
"366"	NA	NA	NA	NA	NA	NA	-24.73	NA	NA	NA	NA	NA	NA	NA	-27.78	NA	NA	NA	-19.72	NA	NA	NA
